image_width: 720 #640
image_height: 540 #480
camera_name: cam1
camera_matrix:
  rows: 3
  cols: 3
#  data: [342.7555236816406, 0.0, 320.0, 0.0, 342.7555236816406, 240.0, 0.0, 0.0, 1.0]
  data: [385.5999755859375, 0.0, 360.0, 0.0, 385.5999755859375, 270.0, 0.0, 0.0, 1.0]
distortion_model: plumb_bob
distortion_coefficients:
  rows: 1
  cols: 5
  data: [0.0, 0.0, 0.0, 0.0, 0.0]
